0 0.703125 0.412109375 0.064453125 0.046875
0 0.0478515625 0.708984375 0.095703125 0.0908203125
0 0.2119140625 0.431640625 0.064453125 0.052734375
0 0.8193359375 0.68359375 0.0703125 0.091796875
0 0.423828125 0.6943359375 0.0751953125 0.091796875
0 0.0693359375 0.6875 0.052734375 0.0498046875
0 0.818359375 0.642578125 0.8203125 0.64453125 0.83203125 0.64453125 0.837890625 0.650390625 0.837890625 0.658203125 0.841796875 0.666015625 0.841796875 0.67578125 0.84375 0.677734375 0.84765625 0.716796875 0.8515625 0.73046875 0.828125 0.73046875 0.826171875 0.728515625 0.8125 0.728515625 0.810546875 0.7265625 0.80078125 0.7265625 0.787109375 0.72265625 0.787109375 0.71875 0.783203125 0.712890625 0.783203125 0.70703125 0.7890625 0.701171875 0.791015625 0.685546875 0.794921875 0.6796875 0.794921875 0.6484375 0.798828125 0.642578125 0.81640625 0.642578125
0 0.091796875 0.66796875 0.09375 0.669921875 0.091796875 0.6796875 0.083984375 0.68359375 0.07421875 0.697265625 0.06640625 0.69921875 0.0546875 0.7109375 0.0546875 0.72265625 0.05859375 0.7265625 0.05859375 0.73828125 0.048828125 0.751953125 0.044921875 0.75390625 0 0.75390625 0 0.72265625 0.00390625 0.720703125 0.00390625 0.716796875 0.021484375 0.693359375 0.02734375 0.693359375 0.029296875 0.6953125 0.03515625 0.693359375 0.05078125 0.671875 0.056640625 0.66796875 0.0625 0.666015625 0.08984375 0.66796875
0 0.701171875 0.40625 0.703125 0.41015625 0.712890625 0.41015625 0.71484375 0.40625 0.720703125 0.40625 0.73046875 0.419921875 0.73046875 0.427734375 0.72265625 0.427734375 0.703125 0.43359375 0.693359375 0.43359375 0.69140625 0.431640625 0.6796875 0.41015625 0.6796875 0.40625 0.673828125 0.3984375 0.67578125 0.392578125 0.689453125 0.392578125 0.69921875 0.40625
0 0.439453125 0.654296875 0.44921875 0.669921875 0.455078125 0.69921875 0.45703125 0.705078125 0.4609375 0.70703125 0.4609375 0.712890625 0.447265625 0.716796875 0.443359375 0.72265625 0.439453125 0.72265625 0.427734375 0.73046875 0.41796875 0.732421875 0.408203125 0.73828125 0.40234375 0.73828125 0.39453125 0.6953125 0.390625 0.689453125 0.390625 0.6796875 0.388671875 0.677734375 0.388671875 0.6640625 0.390625 0.662109375 0.40234375 0.66015625 0.404296875 0.65625 0.412109375 0.65625 0.412109375 0.671875 0.408203125 0.6796875 0.408203125 0.689453125 0.412109375 0.701171875 0.419921875 0.708984375 0.427734375 0.708984375 0.4375 0.69140625 0.439453125 0.65625
0 0.216796875 0.41015625 0.22265625 0.41796875 0.232421875 0.41796875 0.234375 0.419921875 0.236328125 0.41796875 0.2421875 0.423828125 0.2421875 0.431640625 0.234375 0.447265625 0.228515625 0.455078125 0.220703125 0.458984375 0.216796875 0.45703125 0.181640625 0.45703125 0.1796875 0.455078125 0.1796875 0.4453125 0.185546875 0.43359375 0.19140625 0.427734375 0.1953125 0.416015625 0.205078125 0.41015625 0.21484375 0.41015625