0 0.689453125 0.4287109375 0.064453125 0.048828125
0 0.8056640625 0.7001953125 0.0751953125 0.09375
0 0.412109375 0.7197265625 0.0771484375 0.091796875
0 0.0390625 0.740234375 0.078125 0.09765625
0 0.0302734375 0.759765625 0.060546875 0.05859375
0 0.197265625 0.4580078125 0.0615234375 0.048828125
0 0.05078125 0.7197265625 0.05859375 0.0537109375
0 0.828125 0.7021484375 0.181640625 0.0986328125
0 0.4375 0.708984375 0.0205078125 0.048828125
0 0.7890625 0.65625 0.80078125 0.65625 0.802734375 0.66015625 0.822265625 0.662109375 0.82421875 0.6640625 0.82421875 0.671875 0.830078125 0.685546875 0.830078125 0.697265625 0.83203125 0.69921875 0.83203125 0.724609375 0.837890625 0.736328125 0.837890625 0.744140625 0.8359375 0.74609375 0.82421875 0.74609375 0.822265625 0.744140625 0.779296875 0.740234375 0.771484375 0.732421875 0.771484375 0.724609375 0.779296875 0.712890625 0.779296875 0.705078125 0.78515625 0.693359375 0.78125 0.666015625 0.783203125 0.66015625 0.7890625 0.658203125
0 0 0.73046875 0.0078125 0.724609375 0.01171875 0.732421875 0.021484375 0.732421875 0.03125 0.720703125 0.03125 0.716796875 0.0390625 0.705078125 0.046875 0.69921875 0.072265625 0.69921875 0.07421875 0.701171875 0.07421875 0.70703125 0.068359375 0.716796875 0.05859375 0.7265625 0.048828125 0.732421875 0.037109375 0.74609375 0.037109375 0.755859375 0.041015625 0.759765625 0.04296875 0.767578125 0.037109375 0.77734375 0.037109375 0.783203125 0.033203125 0.787109375 0.02734375 0.787109375 0.025390625 0.7890625 0 0.7890625 0 0.732421875
0 0.673828125 0.41015625 0.677734375 0.412109375 0.6796875 0.419921875 0.69140625 0.427734375 0.70703125 0.42578125 0.716796875 0.44140625 0.716796875 0.4453125 0.693359375 0.44921875 0.69140625 0.451171875 0.677734375 0.451171875 0.669921875 0.439453125 0.66796875 0.431640625 0.658203125 0.41796875 0.66015625 0.412109375 0.671875 0.41015625
0 0.375 0.6875 0.3984375 0.6796875 0.404296875 0.6796875 0.40625 0.681640625 0.40625 0.7109375 0.41015625 0.71875 0.41015625 0.724609375 0.41796875 0.732421875 0.42578125 0.732421875 0.431640625 0.7265625 0.431640625 0.69140625 0.435546875 0.69140625 0.439453125 0.697265625 0.439453125 0.701171875 0.443359375 0.705078125 0.4453125 0.7265625 0.451171875 0.732421875 0.451171875 0.736328125 0.4453125 0.7421875 0.435546875 0.744140625 0.41796875 0.7578125 0.392578125 0.765625 0.375 0.701171875 0.375 0.689453125
0 0.181640625 0.4375 0.185546875 0.435546875 0.2109375 0.435546875 0.21875 0.4453125 0.224609375 0.4453125 0.228515625 0.451171875 0.228515625 0.45703125 0.212890625 0.482421875 0.20703125 0.484375 0.1796875 0.482421875 0.17578125 0.484375 0.173828125 0.482421875 0.16796875 0.482421875 0.1640625 0.478515625 0.1640625 0.47265625 0.1796875 0.447265625 0.181640625 0.439453125